195
65475
195
195
65475
65475
195
65475
195
65475
65475
65475
65475
65475
65475
65475
65475
65475
65475
195
65475
65475
65475
65475
65475
65475
65475
65475
65475
65475
65475
65475
65475
65475
65475
195
195
65475
65475
65475
65475
65475
65475
65475
65475
195
65475
195
65475
195
65475
65475
65475
65475
65475
65475
195
195
65475
65475
65475
195
65475
65475
65475
65475
65475
65475
65475
195
65475
195
65475
65475
195
65475
65475
195
65475
65475
65475
65475
65475
65475
65475
65475
65475
65475
195
195
195
65475
195
195
65475
65475
195
65475
65475
65475
65475
195
195
195
65475
65475
65475
65475
65475
65475
65475
65475
195
195
65475
65475
195
65475
65475
65475
65475
65475
65475
65475
65475
65475
65475
65475
65475
65475
195
65475
65475
65475
65475
65475
65475
65475
65475
65475
65475
65475
65475
195
195
65475
65475
65475
65475
65475
65475
65475
65475
195
195
65475
195
195
195
195
195
195
195
195
195
195
195
195
195
195
195
195
195
195
195
195
195
195
195
195
195
195
196
196
196
453
197
453
453
453
453
197
197
197
197
65477
197
197
197
197
197
197
197
197
197
197
197
197
197
197
197
197
197
197
197
197
197
197
197
197
197
197
197
197
197
197
197
197
197
197
197
197
197
197
197
197
197
197
197
197
65477
197
197
197
197
197
197
197
197
197
197
197
197
197
197
197
197
197
197
197
197
197
197
197
197
197
197
197
197
197
197
197
197
197
197
197
197
197
197
197
197
197
197
197
197
197
197
197
197
197
197
197
197
197
197
197
197
453
454
454
454
455
199
199
198
198
198
65478
65477
65477
65477
65477
197
197
197
197
197
197
197
197
197
197
197
197
197
197
197
197
197
197
197
197
197
197
197
197
197
197
197
197
197
197
197
197
197
197
197
197
197
197
197
197
197
197
197
197
197
197
197
197
197
197
197
197
197
197
197
197
197
197
197
197
197
197
197
197
65477
65477
197
197
197
197
65477
197
197
197
65477
197
197
197
197
197
197
197
197
197
197
197
197
197
197
197
197
197
197
197
197
197
197
197
65477
197
65477
197
197
65477
197
197
197
197
197
197
197
197
197
197
197
197
65477
197
197
197
197
197
197
197
197
197
197
197
197
197
197
197
197
197
197
197
197
197
197
197
197
197
197
197
197
197
197
197
197
65477
197
65477
197
197
197
197
65477
197
197
197
197
197
197
197
197
197
197
197
197
197
65477
65477
197
197
197
197
65477
197
197
197
197
197
197
197
197
197
197
197
65477
197
197
197
197
197
197
197
197
197
197
65477
197
65477
197
197
65477
197
197
197
197
197
197
197
197
197
65477
197
197
65477
197
197
197
197
197
197
197
197
197
197
197
197
197
197
197
197
197
197
197
197
197
197
197
197
197
197
197
197
197
197
197
197
197
197
197
197
197
197
197
197
197
197
197
197
197
197
197
197
197
197
197
197
197
197
197
197
197
197
197
197
197
197
197
197
197
197
197
197
197
197
197
197
197
197
197
197
197
197
197
197
197
197
197
197
197
197
197
197
197
197
197
197
197
197
197
197
197
197
197
197
197
197
197
197
197
197
197
197
197
197
197
197
197
197
197
197
197
197
197
197
197
197
197
197
197
197
197
197
197
197
197
197
197
197
197
197
197
197
197
197
197
197
197
197
197
197
197
197
197
197
197
197
197
197
197
197
197
197
197
197
197
197
197
197
197
197
197
197
197
197
197
197
197
197
197
197
197
197
197
197
197
197
197
197
197
197
197
197
197
197
197
197
197
197
197
197
197
197
197
197
197
197
197
197
197
197
197
197
197
197
197
197
197
197
197
197
197
197
197
197
197
197
197
197
197
197
197
197
197
197
197
197
197
197
197
197
197
197
197
197
197
197
197
197
197
197
197
197
197
197
197
197
197
197
197
197
197
197
197
197
197
197
197
197
197
197
197
197
197
197
197
197
197
197
197
197
197
197
197
197
197
197
197
197
197
197
197
197
197
197
197
197
197
197
197
197
197
197
197
197
197
197
197
197
197
197
197
197
197
197
197
197
197
197
197
197
197
197
197
197
197
197
197
197
197
197
197
197
197
197
197
197
197
197
197
197
197
197
197
197
197
197
197
197
197
197
197
453
454
458
460
462
463
463
463
463
206
206
206
206
206
462
462
462
462
206
206
206
206
206
462
462
462
462
462
206
206
206
206
462
462
462
462
462
462
206
206
206
206
206
462
462
462
462
462
462
462
462
206
206
206
206
206
206
206
462
462
462
206
206
206
462
206
206
462
206
206
206
206
206
206
206
206
206
206
206
206
206
206
206
206
206
206
206
462
206
462
462
206
462
462
206
206
206
206
206
206
206
206
206
206
206
206
462
462
462
206
206
206
206
206
206
206
206
206
206
206
206
206
462
462
463
463
463
463
463
463
463
207
207
206
206
206
206
206
206
206
206
206
206
206
206
462
462
462
462
462
462
462
462
462
462
462
462
462
462
462
206
206
206
206
206
206
206
206
206
206
462
462
463
463
463
463
207
207
207
463
207
463
463
463
463
463
463
207
463
463
463
463
463
463
207
207
207
207
206
206
206
206
206
206
206
206
206
206
206
206
205
205
205
205
205
205
205
205
205
205
205
205
205
205
205
205
65485
205
65485
205
205
205
205
205
205
65484
204
65484
204
65484
204
204
65484
65484
65484
204
65484
204
204
65484
65484
204
204
204
204
204
204
65484
65484
204
65484
204
65484
65484
65484
65484
204
204
204
65484
204
204
204
204
65484
204
204
204
204
65484
204
204
204
65484
204
204
65484
65484
204
204
204
204
65484
65484
204
204
65484
204
204
65484
204
204
204
204
65484
204
65484
204
204
204
204
204
204
204
204
204
204
204
204
65484
204
204
204
204
204
204
204
204
65484
204
204
204
65484
204
65484
204
204
65484
204
204
204
204
204
204
204
65484
65484
204
204
204
204
65484
204
204
204
204
204
204
204
204
65484
204
204
204
65484
204
204
204
65484
204
204
204
204
204
204
204
204
204
204
204
204
204
204
204
204
204
204
204
204
204
204
204
204
204
204
204
204
204
461
461
461
461
461
461
462
462
720
722
725
984
989
995
1258
1268
1535
1548
1817
1831
1843
2109
2116
2120
1865
1351
1346
1085
1081
821
816
556
550
544
274
261
259
258
258
258
258
515
771
772
772
772
772
772
772
773
773
774
1033
1038
1040
1040
784
526
525
268
266
260
254
248
243
239
237
236
493
236
235
235
234
747
238
234
234
492
493
236
235
234
234
234
234
234
234
491
491
748
749
751
495
238
237
236
235
65514
234
65513
233
65513
65513
233
233
233
233
233
233
233
233
233
233
233
233
489
489
489
233
233
233
489
490
490
490
747
492
748
749
751
752
752
753
754
754
754
754
754
754
754
754
754
754
754
498
498
498
498
754
754
754
754
754
754
754
754
754
754
754
754
754
754
754
754
754
754
754
754
754
754
1011
1012
1014
1015
1017
1020
1022
1030
775
775
775
1031
1031
1031
1032
1032
1033
1034
1035
1036
1038
1295
1297
1299
1300
1302
1303
1305
1306
1307
1309
1309
1309
1053
1052
1308
1308
1309
1309
1309
1310
1566
1568
1569
1571
1572
1576
1578
1578
1578
1322
1322
1322
1322
1578
1578
1578
1579
1579
1581
1581
1581
1581
1582
1582
1582
1582
1582
1326
1326
1582
1326
1326
1326
1326
1326
1326
1326
1326
1582
1582
1582
1582
1582
1582
1582
1582
1582
1582
1582
1582
1582
1582
1582
1582
1582
1582
1582
1582
1582
1582
1582
1582
1582
1582
1582
1582
1582
1582
1582
1582
1582
1582
1582
1582
1582
1582
1582
1582
1582
1582
1582
1582
1582
1582
1582
1582
1582
1582
1582
1582
1583
1583
1583
1583
1583
1583
1583
1583
1583
1584
1584
1584
1584
1840
1584
1585
1585
1585
1585
1586
1586
1586
1586
1586
1586
1586
1842
1843
1843
1843
1843
1844
1588
1844
1844
1844
1844
1844
1844
1844
1844
1844
1844
1845
1845
1845
1845
1845
1845
1845
1845
1845
1845
1845
1845
1845
1845
1589
1589
1845
1845
1845
1845
1589
1845
1845
1589
1845
1589
1589
1589
1589
1589
1589
1589
1589
1589
1589
1589
1589
1589
1589
1589
1589
1589
1589
1589
1589
1589
1589
1589
1589
1589
1333
1589
1589
1589
1589
1589
1589
1589
1589
1333
1589
1333
1589
1333
1333
1589
1589
1589
1589
1589
1333
1589
1333
1589
1589
1589
1589
1589
1589
1589
1589
1589
1589
1589
1589
1589
1589
1589
1589
1589
1589
1589
1589
1589
1589
1589
1589
1589
1589
1589
1589
1589
1589
1589
1590
1846
1590
1846
1590
1846
1590
1847
1847
1847
1848
1848
1849
1849
1850
1851
1852
1852
1854
1854
1855
1855
1855
1856
1857
1857
1857
1857
1857
1857
1857
1857
1857
1857
1857
1857
1601
1601
1601
1345
1344
1086
825
305
293
20
1
241
65507
65499
65495
65496
216
217
217
217
217
65497
217
217
217
217
217
217
217
217
65497
217
217
217
217
217
65497
65237
65230
65224
65478
204
65484
65484
65482
65226
65482
65482
65482
65482
65482
65482
65482
65482
65482
65482
65482
65482
65482
65482
65482
65482
65482
65482
65482
65482
65482
65482
65482
65482
202
65482
65482
65482
65482
65482
65482
65482
65482
65482
65482
65482
65482
65482
202
65482
65482
65482
65482
65482
65482
65482
65482
65482
65482
65482
65482
65482
65482
65482
65482
65482
65482
65482
65482
65482
202
65482
65482
65482
65482
65482
65482
65482
65482
65482
65482
65482
65482
202
65482
65482
65482
65482
65482
65482
65482
65482
65482
65482
65482
65482
65482
65482
65482
202
65482
65482
65482
65482
65482
65482
65482
65482
65482
65482
65482
65482
65482
65482
65482
65482
65482
65482
65482
65482
65482
65482
65482
65482
65482
65482
65482
65482
202
203
203
203
203
203
203
65483
65483
65482
65482
65481
65225
65225
65481
65481
202
202
202
205
465
468
472
733
737
742
1004
1009
1016
1279
1287
1296
1561
1569
1576
1838
1844
1848
1850
1851
1338
1337
1080
1079
1077
1076
819
818
816
809
806
544
542
542
542
542
798
1054
798
798
542
541
540
539
282
536
279
277
276
275
275
275
531
531
787
1044
1045
1047
1049
1310
1312
1579
1582
1586
1586
1074
815
812
811
811
810
809
808
549
547
547
546
546
544
544
540
540
796
796
796
796
796
796
796
796
796
796
1053
1053
1053
1053
1053
1053
1053
1053
1053
1053
1053
1053
1053
1053
1053
1053
1053
1053
1053
1053
1053
1053
1053
1053
1053
1053
1053
797
1053
797
1053
797
797
797
797
797
797
797
797
797
797
797
797
797
797
541
541
541
541
540
540
540
540
540
540
540
540
540
540
540
540
540
540
540
540
539
539
539
539
539
539
539
539
539
539
539
539
539
539
538
538
537
281
537
281
537
281
537
537
537
537
537
537
537
537
537
537
537
537
537
537
537
537
793
793
793
793
793
793
793
793
793
793
793
793
793
793
793
793
793
793
793
793
793
793
793
793
793
793
793
793
793
793
793
793
793
793
793
793
793
793
793
793
793
793
793
793
793
793
793
793
793
793
793
793
793
793
793
793
793
793
793
793
793
793
793
793
793
793
793
793
793
793
793
793
793
793
793
793
793
793
793
793
793
793
793
793
793
793
793
793
793
793
793
793
793
793
793
793
793
793
793
793
793
793
793
793
793
793
793
793
793
793
793
793
793
793
793
793
793
793
793
793
793
793
793
793
793
793
793
793
793
793
793
793
793
793
793
793
793
793
793
793
793
793
793
793
793
793
793
793
793
793
793
793
793
793
793
793
793
1049
793
793
793
793
793
793
793
1049
1050
1050
1050
794
1050
794
1050
1050
1050
1050
794
1050
1050
1050
794
1050
1050
794
794
1050
1050
1050
1050
1050
1050
1050
794
1050
1050
1050
1050
1050
1050
1050
1050
1050
1050
1050
1050
1050
1050
1050
1050
1050
1050
1050
1050
1050
1050
1050
1050
1050
1050
1050
1050
1050
1050
1050
794
1050
1050
1050
1050
1050
1050
1050
1050
1050
1050
1050
1050
1050
1050
1050
1050
1050
1050
1050
1050
1050
1050
1050
1050
1050
794
794
794
794
794
794
794
794
794
794
794
794
794
794
794
794
794
794
794
794
794
794
794
794
794
794
794
794
794
794
794
794
794
794
794
794
794
794
794
794
794
794
794
794
794
794
794
794
794
794
794
794
794
794
794
794
794
794
794
794
794
794
794
794
794
794
794
794
794
794
794
794
794
794
794
794
794
794
794
794
794
794
794
794
794
794
794
794
794
794
794
794
794
794
794
794
794
538
794
794
794
794
794
794
794
794
794
794
794
794
794
794
794
538
538
538
538
538
794
794
794
794
538
538
538
538
538
538
538
538
794
538
538
538
538
538
538
538
538
538
538
538
538
538
538
538
538
538
538
537
537
537
537
537
537
537
537
537
537
537
537
537
537
537
537
537
537
537
537
537
537
537
793
537
793
793
793
793
793
793
793
793
793
793
794
794
1051
1051
795
795
539
794
538
538
538
538
538
537
537
536
536
536
536
792
793
793
793
793
793
793
793
793
793
793
793
538
538
538
538
538
538
539
539
539
539
539
539
540
542
544
803
551
555
814
818
821
569
828
574
575
575
575
319
319
62
61
61
61
61
61
61
317
61
317
318
318
574
318
575
575
575
576
577
578
579
580
581
582
585
587
589
593
596
600
859
606
866
869
873
877
882
887
893
899
906
913
920
927
936
1199
1208
1216
1226
1234
1244
1254
1262
1271
1279
1038
1044
1051
1056
1061
1065
1068
815
817
818
818
562
562
562
562
818
818
818
819
820
822
824
825
827
829
838
844
851
858
864
869
875
1136
1141
1148
1155
1162
1169
1178
1185
1192
1199
1206
1214
1221
1485
1503
1257
1286
1040
1049
1568
1320
1328
1334
1339
1341
1086
827
570
569
569
825
826
827
828
828
828
1084
1085
1090
838
841
843
1102
1103
1105
1107
1364
1110
1112
1113
1113
857
857
1112
855
856
856
1112
1114
1372
1631
1381
1133
1655
1665
1167
1182
1709
1725
1488
2018
1779
1542
1817
1837
1857
1876
1893
2167
2182
1941
2211
2223
2236
2247
2272
2285
2297
2052
2065
2077
1834
1847
2116
2130
1634
2161
2176
1679
1951
2475
2488
1989
2255
2521
2282
2302
2561
2308
1543
2057
2057
1801
1545
1289
1287
1030
1030
1286
1286
1286
1543
1544
1802
1805
1298
1816
1821
1313
2081
2337
2081
2082
2594
2851
2341
2089
2092
2094
1841
1845
2104
2105
1852
1854
2111
2113
1860
2119
2378
1870
1874
2134
1879
2135
1879
1879
1622
1621
1363
1361
1356
1094
1086
1077
1067
1057
792
783
520
513
764
761
758
1012
1012
1269
1525
1526
2043
2303
1797
1806
2071
2337
2095
2363
2887
2644
2401
3192
2692
2704
2713
2977
2473
2736
2741
2747
2751
2755
2759
2761
2507
2509
2509
2253
1997
1740
1738
1737
1735
1732
1729
1469
1466
1206
1458
1453
937
1187
1179
1170
1162
1155
1148
1144
1139
880
877
873
868
862
855
847
1094
829
821
812
547
282
272
261
760
743
726
963
943
413
397
638
370
102
347
338
328
317
562
805
795
532
526
265
263
262
262
262
516
770
1023
765
1273
1268
752
748
742
990
726
464
456
703
441
436
431
426
166
163
926
406
402
653
393
390
641
380
119
368
616
608
601
340
337
336
337
338
596
596
596
596
594
337
591
589
331
329
583
324
323
320
318
316
315
313
312
312
56
311
309
307
306
558
555
553
553
809
1066
1069
1072
1331
1080
1083
1085
1342
1343
1088
1088
832
575
574
573
571
314
311
564
560
296
294
292
290
288
287
285
283
281
281
281
280
279
279
279
279
279
279
279
22
20
273
269
10
6
256
250
243
236
229
222
215
208
201
195
189
184
180
176
169
163
160
157
153
143
137
131
123
65394
65383
65367
65350
65329
65051
65028
65003
65234
64954
64928
65159
64880
65114
64839
65078
64808
64796
65042
64776
64768
65016
65263
64998
65245
65235
65225
65216
65207
65199
65193
65191
65446
167
169
171
172
429
436
440
445
450
712
732
743
767
521
794
799
546
547
290
26
19
14
270
530
275
275
18
273
17
273
17
17
65290
65523
65510
65503
65480
65449
65442
65430
146
147
403
147
147
147
147
65426
65425
65425
145
65425
145
145
146
402
146
146
65426
65425
65424
65423
65422
65421
65421
65421
65421
65421
65421
65164
65419
65162
136
65413
65411
65410
65408
65406
65403
65398
65392
65385
65122
65372
65365
65100
65093
65345
65340
65081
65080
65335
65330
65328
65317
65307
65302
65297
65293
65289
65286
65284
65282
2
3
4
4
5
5
5
4
4
4
5
6
263
9
268
17
20
277
281
282
283
285
32
34
35
37
294
38
65314
34
65058
65312
65309
65305
65044
65294
65032
65275
65269
65520
65258
65253
65248
65244
65242
65241
65498
65498
65498
65499
65499
65499
65499
65499
65499
65499
65499
65499
65499
65499
65499
65499
65499
65499
219
219
219
219
219
219
65500
222
222
222
222
223
65502
65502
65502
65502
65501
65501
65499
65242
65242
65242
65241
65497
65497
65497
65498
65498
65498
65498
65242
65497
65496
65494
65238
217
219
227
229
232
65512
65512
233
247
7
272
16
65296
65296
16
15
65295
14
65294
65294
65294
65294
65294
65294
65294
65294
65294
65294
65293
65292
65288
65030
65282
65275
65528
65525
65523
65523
65524
244
65524
65524
65523
65523
65522
65522
65521
65520
65517
65517
65518
65518
65518
65519
65518
65518
65518
65518
65518
65517
65509
65505
65245
65240
65240
65502
226
65512
65519
244
247
249
250
65530
65529
65528
65271
65269
65522
65263
65261
65516
65515
65515
238
238
240
65522
65522
65521
65520
65519
65263
65518
65262
65516
65259
65256
65256
65254
65508
65251
65251
228
65509
65511
65513
234
65514
65257
65512
65255
65254
65253
65253
65253
65509
65508
65509
65508
65508
65508
65508
65509
231
233
65515
65517
65517
65517
65517
65517
65516
65516
65515
234
65514
65514
65514
65514
65257
65256
65254
65251
65247
65243
65240
65494
65494
65494
65494
65494
65238
65238
65238
65237
65236
65236
65491
65491
65491
65492
65492
65492
65492
65492
65492
65235
65235
65235
65233
65231
65231
65231
65487
65231
65231
65230
65486
65486
65486
65486
65230
65230
65230
65486
65486
65486
65230
65229
65229
65229
65228
65228
65228
65228
65228
65228
65228
65227
65227
65227
65226
65226
65225
64968
65222
65220
65220
65220
65220
65220
65220
65220
65219
65219
65218
65218
65217
65216
65215
65215
65213
65213
65213
65213
65213
65213
65212
65211
65210
65208
65207
65205
64946
65198
64937
64933
64927
64922
64918
64915
65169
65169
65425
65425
65425
65425
65425
65425
65169
65169
65425
65425
65425
65169
65425
65426
65426
65427
148
150
151
153
156
159
163
166
170
173
175
176
178
178
178
65458
65459
65458
65458
65458
65458
65459
65459
180
65461
65461
65461
65461
65461
65461
65461
65461
65461
65461
65461
65461
65461
65460
65460
65460
65460
65204
65204
65459
65459
65459
65202
65458
65457
65457
65457
65457
65457
65457
65457
65458
65458
65458
65459
65459
65461
65461
65461
65461
65460
65460
65460
65460
65461
65461
65461
65461
65461
65461
181
182
183
184
185
187
187
187
187
187
187
187
187
188
188
188
189
191
193
194
196
196
196
196
197
197
197
197
197
197
197
197
197
197
197
197
197
197
197
197
198
198
198
199
199
201
202
204
207
209
210
211
65490
210
210
210
210
211
211
211
211
211
211
211
211
211
211
211
211
211
211
211
211
211
211
467
211
211
211
211
211
211
211
211
212
468
213
213
214
214
214
214
214
214
214
214
214
214
214
214
476
223
493
498
253
1
6
9
9
9
10
11
12
13
65293
65293
65293
65293
13
13
65293
14
14
14
14
14
14
14
14
14
14
65294
65294
65293
65292
65291
65291
65291
65291
65291
65291
65291
65291
65291
65291
65291
65291
65291
65291
65291
65291
65291
65291
65291
65291
65291
65291
65291
65291
65291
65291
65291
65291
65291
65291
65291
65290
65290
65289
65289
65288
65286
65284
65282
65281
65279
65535
65533
65533
65277
65531
65272
65271
65268
65266
65265
65520
65263
65263
65519
65518
65519
65519
239
239
241
242
242
65522
65522
65522
242
242
242
243
243
244
244
65524
244
65524
244
244
244
245
246
248
250
252
253
255
0
1
257
2
2
2
2
2
2
2
2
2
2
3
4
4
4
4
4
4
5
6
8
11
272
275
276
21
21
21
21
21
21
21
21
21
65301
65301
65301
65300
65300
65300
65300
65300
65300
65300
65300
20
65300
65300
65300
20
65300
65300
65300
65300
20
65300
20
20
65300
65300
65300
65300
65300
65300
65300
65300
65300
65300
65300
65300
65299
65299
65299
65299
65299
65299
65299
65299
65299
65299
65298
65041
65041
65296
65296
65295
65295
65295
65295
65295
65295
65295
65295
65294
65294
65294
65294
65294
65294
65294
65294
65294
65294
65294
65294
65294
65294
65294
65294
65294
65294
65294
65294
65293
65293
65293
65294
65294
65294
65294
65294
65294
65294
65294
65294
65294
65294
65294
65294
65294
65294
65294
14
14
14
14
15
15
15
15
15
15
15
14
15
15
15
17
19
20
20
20
20
20
20
20
20
20
20
21
21
21
65300
65299
65299
65298
65297
65040
65038
65036
65289
65286
65276
65531
252
65532
252
65532
65532
65532
252
252
252
252
252
252
252
252
65532
65532
65532
65532
252
252
253
253
65533
253
65533
65533
253
65533
253
253
65533
65533
65533
65533
65533
65533
65533
65532
65532
65531
65530
250
65530
65274
65273
65527
65268
65266
65266
242
244
246
246
246
65526
65525
65524
65523
65521
65520
65520
65520
65521
65521
65521
241
241
241
243
244
65530
253
255
1
0
65280
65280
65535
65535
65535
65535
65535
65535
255
255
0
0
65280
65535
65535
65535
65535
65535
65535
65535
65535
65535
65535
65535
65535
65535
65535
65535
65535
65535
65535
255
255
65280
65280
0
65280
65280
65280
0
0
0
65280
0
0
65280
65280
65280
65280
65280
65280
0
0
0
0
0
0
65280
0
0
1
1
1
2
2
2
1
65281
1
1
2
2
2
4
4
5
5
5
5
5
65285
65285
65284
65283
65283
65283
65283
65283
65284
4
4
4
65284
65284
65284
4
4
65284
4
4
65284
65284
65284
65284
65284
4
4
4
4
4
4
4
4
4
4
5
5
4
4
4
5
4
4
5
5
5
5
5
5
5
5
5
6
6
6
7
7
7
7
7
263
8
9
10
11
268
269
271
273
274
275
19
19
19
18
65298
65298
18
18
18
65298
65297
65296
65296
65296
65296
65296
65296
65296
65296
65296
65296
65296
65296
65296
65296
65295
65295
65294
65294
65293
65292
65292
65291
65291
65291
65290
65289
65289
65289
65289
65289
65289
65289
65289
65289
65288
65287
65287
65287
65287
65287
65287
65287
65287
65287
65287
65287
65287
7
7
8
8
8
9
9
9
9
9
9
9
65289
65289
9
65289
9
9
9
9
9
9
9
9
9
9
9
9
65289
65288
65287
65287
65287
7
7
8
7
65287
7
65287
65287
65287
65287
65287
7
7
7
65287
7
65287
65287
65287
65287
65287
65287
65287
7
65287
65287
65287
7
65288
65288
7
65287
65287
7
7
7
8
65288
65288
65288
65287
65287
65287
7
7
8
65287
65287
65287
65287
65288
8
8
8
8
65287
7
8
8
8
8
65288
8
8
8
9
9
9
65289
9
9
65289
65289
65289
9
9
9
9
9
65289
65288
65288
65288
65288
65288
65288
65288
8
8
8
8
65288
65288
65287
65287
65287
7
7
7
7
7
65287
65287
65287
65287
65286
65286
7
7
65287
65287
65286
65286
65286
65286
6
7
7
7
6
65286
65286
6
6
7
7
65286
65286
65286
65286
65285
65285
5
5
5
6
6
65285
65285
65285
65284
65283
65283
3
65283
65282
65282
65282
65280
65535
65535
65534
65534
65534
65534
65534
65534
65533
65533
65533
65532
65532
252
65532
65532
65532
65276
65531
65531
65530
65530
65530
65529
65273
65529
65529
65528
65528
65528
65528
65272
65527
65525
65524
65522
65521
65265
65264
65263
65263
65261
65517
65517
237
237
238
238
239
240
240
240
240
240
242
242
243
243
244
245
245
245
245
502
247
247
248
248
248
248
248
248
248
248
248
248
65528
65528
65528
248
248
248
248
249
249
250
252
252
253
255
1
2
1
2
2
4
7
10
269
272
24
23
65303
280
280
33
34
33
31
31
288
52
54
310
54
51
48
65326
65325
65323
65322
65322
65322
65322
65321
65319
37
65311
65309
65053
65309
65309
65309
29
29
29
29
65309
65309
65309
65309
65309
65309
65309
29
65309
29
65309
65309
65308
65308
65307
25
65302
65302
65302
65302
65302
65302
65302
65302
65302
22
65302
65303
23
23
65303
23
65303
65303
65303
65302
65303
65303
23
65303
65303
65303
22
65302
65302
65302
65302
65301
65300
65300
20
20
65300
20
20
20
20
20
20
20
20
65300
65300
65300
21
21
65305
27
65307
65307
65306
65306
65305
65049
65303
65302
65302
65302
22
22
22
22
65302
65302
65302
22
22
22
65302
65303
65302
65302
65302
65302
65302
65302
23
23
23
23
24
65304
65303
65303
24
65304
65303
23
24
65304
65304
65304
65304
65304
65303
65303
23
65303
23
23
65303
65303
65303
23
65303
24
24
65304
65304
23
23
65303
23
23
23
65303
65303
65303
65303
65303
65303
65303
23
23
65303
65303
65302
65301
65300
65298
18
18
18
18
18
65298
65298
65298
65297
65297
65298
18
18
18
18
18
65298
65298
18
18
18
65298
18
18
19
19
65299
19
65299
65299
19
19
19
19
65299
19
19
19
18
18
19
19
19
19
19
19
19
19
19
19
19
19
19
19
19
19
19
65299
19
19
65299
65299
19
65299
19
19
19
19
19
19
19
19
18
65298
65298
65298
18
18
18
19
19
19
19
19
19
19
19
65299
65299
65299
65299
65299
19
19
19
65299
65299
65299
65299
65299
65298
65298
65298
65297
65296
65040
65038
65292
65288
65028
65025
65277
65274
65271
65270
65268
65011
65266
65265
65264
65008
65008
65263
64747
64999
64996
65246
65244
64987
65242
64984
64984
64984
64982
64981
65237
65236
65236
65236
65236
65236
65236
65236
65236
65236
65492
65236
65236
65235
65491
65492
65492
65494
65494
65494
65238
65238
65238
65237
65237
65237
65493
65492
65236
65492
65236
65492
65236
65492
65492
65235
65235
65235
65235
65235
65491
65491
65491
65491
65491
65491
65491
65491
65491
65492
65492
65492
65492
65492
65492
65492
65492
65492
65492
65492
65492
65492
65236
65491
65491
65491
211
211
65491
65235
65490
211
211
211
214
215
65498
220
220
65500
65500
65500
220
220
65504
65503
65503
65504
65504
65504
65504
65246
65235
65489
65232
65487
65487
65487
65488
65489
65233
65489
209
65489
65234
65491
65490
65487
65230
65227
65224
65220
65218
65217
64959
65213
65211
65468
189
447
449
195
197
65478
65476
65475
199
202
207
212
216
474
475
219
219
219
65497
65496
65495
65239
65495
65495
65498
65503
225
228
230
230
230
65510
65509
65252
228
65504
65504
478
219
476
65499
222
222
224
482
228
232
235
238
239
497
243
246
504
65530
65533
255
255
65535
65534
254
252
65532
65532
252
252
0
258
4
4
4
4
4
2
65280
65280
65280
255
0
0
0
0
0
1
1
1
2
2
260
261
6
7
264
265
265
267
268
272
275
279
283
288
293
555
303
309
570
574
577
323
581
581
325
325
325
325
325
325
325
325
325
582
584
330
332
590
591
593
594
340
596
340
341
341
341
341
85
84
84
84
84
340
84
84
84
83
83
83
81
81
81
80
80
79
78
78
78
78
78
78
78
78
334
334
334
78
78
78
78
77
77
77
77
77
77
76
76
76
76
75
75
75
75
75
75
75
75
74
65353
65352
65351
65348
65345
65342
65339
65335
65332
65328
65324
65321
65318
65315
65313
65311
65309
65306
65304
65300
65297
13
65290
65289
65287
65287
65287
65287
65287
65287
65286
5
65285
65284
65282
65535
65533
65531
65529
65528
65527
65526
65526
65526
246
246
246
246
246
246
246
246
246
246
246
246
65526
65526
65526
65526
246
65526
246
246
247
247
247
247
248
248
247
247
247
247
247
247
247
247
247
247
247
247
248
248
248
65529
249
249
249
249
249
250
250
250
250
250
249
249
249
249
249
249
249
249
249
249
249
249
249
249
249
249
249
250
250
249
250
250
250
250
250
250
250
250
250
250
250
250
250
250
250
250
249
249
249
249
249
249
249
249
249
249
249
249
249
249
249
249
250
250
250
250
250
250
250
250
249
249
249
249
249
249
249
249
249
65529
65529
65529
65529
65529
65529
65529
65529
65529
65529
65529
65529
65529
65529
65529
65529
65529
65529
65529
65529
65529
65529
65529
65528
65271
65270
65526
65526
65526
246
65526
65526
65526
65526
65526
65526
65526
246
65526
65526
246
246
246
246
246
246
65526
65526
246
246
246
246
246
65526
65526
246
246
246
246
246
247
247
247
247
247
247
247
247
247
247
247
247
247
247
247
247
247
247
247
247
247
247
247
247
247
247
247
247
247
247
247
247
247
247
247
247
247
247
247
247
247
247
247
247
247
247
247
247
247
247
247
247
247
247
247
247
247
65527
65527
247
247
247
247
247
247
247
247
247
247
247
247
247
247
247
65527
247
247
247
247
65527
247
247
247
247
65527
65527
247
65527
65527
65527
247
247
65527
65527
247
247
65527
247
65527
65527
247
247
247
247
247
247
247
247
247
65527
247
247
247
65527
65527
247
65527
247
65527
247
247
247
247
247
247
247
247
247
247
247
247
247
247
247
247
65527
247
247
247
247
247
247
247
247
247
247
65527
65527
247
247
65527
65527
247
247
65527
65527
247
247
247
247
65527
247
247
65527
247
247
247
247
247
247
247
247
247
247
247
247
247
247
247
247
247
247
247
247
247
65527
247
65527
247
247
247
247
65527
247
247
247
247
247
247
247
247
247
248
248
248
248
248
248
248
248
248
248
248
248
248
248
248
504
505
506
506
506
250
250
250
250
65530
250
250
250
65530
250
250
65530
65530
65530
250
65530
250
65530
250
250
65530
65530
65529
65529
65528
65526
65525
65525
65525
65525
65525
65525
65525
65525
65525
65525
65525
65525
65525
65525
65525
65525
65525
65525
65525
65525
65525
65525
65525
65525
65525
65525
65269
65269
65525
65269
65268
65268
65268
65267
65266
65265
65264
65264
65263
65263
65263
65263
65262
65262
65261
65261
65261
65261
65261
65261
65261
65261
65261
65261
65261
65261
65261
65261
65261
65261
65261
65261
65261
65261
65261
65261
65261
65261
65261
65261
65261
65261
65261
65261
65261
65261
65261
65261
65261
65261
65261
65261
65261
65261
65261
65261
65261
65261
65261
65261
65261
65261
65261
65261
65261
65261
65261
65261
65261
65261
65261
65261
65261
65261
65261
65261
65261
65261
65261
65261
65261
65261
65261
65261
65261
65261
65261
65261
65261
65261
65261
65261
65261
65261
65261
65261
65261
65261
65261
65261
65261
65261
65261
65261
65261
65260
65260
65260
65260
65260
65260
65260
65260
65260
65260
65260
65260
65260
65260
65260
65260
65260
65260
65260
65260
65260
65260
65260
65260
65260
65260
65260
65260
65260
65260
65260
65260
65260
65259
65259
65259
65259
65259
65259
65259
65259
65259
65259
65259
65259
65259
65259
65259
65259
65259
65259
65259
65258
65258
65258
65258
65258
65258
65257
65257
65257
65257
65257
65257
65257
65257
65257
65001
65000
65256
65256
65256
65256
65256
65256
65256
65256
65256
65256
65256
65256
65256
65256
65256
65256
65256
65256
65256
65256
65256
65256
65256
65256
65256
65256
65256
65256
65256
65256
65256
65256
65256
65256
65256
65256
65256
65256
65256
65256
65256
65256
65256
65256
65256
65256
65256
65256
65256
65256
65256
65256
65256
65256
65256
65256
65256
65256
65256
65256
65256
65256
65256
65256
65256
65256
65256
65256
65256
65256
65256
65256
65256
65256
65256
65256
65256
65256
65256
65256
65256
65256
65256
65256
65256
65256
65256
65256
65256
65256
65256
65256
65256
65256
65256
65256
65000
65256
65255
65255
65255
65255
65255
65255
65255
65255
65255
65255
65255
65255
65255
65255
65254
65254
65254
65254
65254
65254
65254
65253
65253
65253
65253
65253
65253
65253
65253
65253
65253
65253
65253
65253
65253
65253
65253
65252
65252
65252
64996
65252
65252
65252
64996
65252
65252
64996
64996
65252
65251
65251
64995
65251
65251
65251
65251
65251
64995
65251
65251
64995
65251
65251
64995
65251
64995
65251
65251
64995
64995
65251
65251
65251
64995
65251
65251
64995
65251
64995
65251
64995
65251
65251
65251
65251
65251
65251
65251
65251
65251
65251
65251
65251
65251
65251
65251
65251
65251
65251
65251
65251
65251
65251
65251
65251
65251
65251
65251
65251
65251
65251
65251
65251
65251
65251
65251
65251
65251
65251
65251
65251
65251
65251
65251
65251
65251
65251
65251
65251
65251
65251
65251
65251
64995
65251
65251
65251
65251
65251
65251
65251
65251
65251
64995
64995
65251
64994
64994
64994
64994
65250
64994
64994
64994
64994
64994
64993
64993
64993
65249
64993
64993
64993
64993
64993
64993
64993
64993
64993
65249
65249
64993
64993
64993
64993
65249
64993
64993
64993
64993
65249
64993
64993
64993
64993
64993
65249
64993
64993
64993
64993
64993
64992
64992
64992
64992
65248
64992
64992
64992
64992
64992
65248
65248
65248
65248
64992
64992
65248
65248
65248
65248
65248
65248
65248
65248
65248
65248
65248
65248
65248
65248
65248
65248
65248
65248
65248
65248
64992
64992
64992
64992
64992
64992
64992
64992
64992
64992
64992
64992
64991
64991
64990
64990
64990
64989
64989
64989
64988
64988
64988
64988
64988
64988
64988
64988
64988
64988
64988
64987
64987
64987
64987
64987
64987
64987
64987
64987
64987
64987
64987
64987
64987
64987
64987
64987
64987
64987
64987
64987
64987
64987
64987
64987
64987
64987
64987
64987
64987
64987
64987
64987
64986
64730
64986
64986
64986
64986
64986
64986
64986
64986
64986
64986
64986
64986
64986
64985
64985
64729
64985
64985
64985
64729
64985
64984
64728
64728
64984
64984
64984
64984
64984
64984
64984
64984
64984
64984
64984
64727
64983
64983
64983
64983
64983
64983
64983
64983
65239
65239
65239
65239
65239
65239
65239
65239
65239
65239
65239
65239
65239
65239
65239
65239
65239
65239
65239
65239
65239
65239
65239
65239
65239
65239
65239
65239
65239
65239
65239
65239
65239
65239
65239
65239
65239
65239
65239
65239
65239
65239
65239
65239
65239
65239
65239
65240
65240
65496
65497
65499
65500
65502
65503
224
224
224
224
225
225
225
226
227
227
227
227
65507
65507
65507
65507
65506
65505
65505
65506
65506
65506
65506
65506
65506
65506
65506
65506
65506
65506
65506
65506
65506
65506
65506
65506
65506
65506
65506
65506
65506
65506
65506
65506
65506
65506
65506
65506
65506
65506
65506
65506
65506
65506
65506
65506
65506
65506
65506
65506
65506
65506
65506
65506
65506
65506
65506
65506
65506
65506
65506
65506
65506
65506
65506
65506
65506
65506
65506
65506
65506
65506
65506
65506
65506
65505
65506
65506
65505
65505
65505
65505
65505
65505
65505
65505
65505
65505
65249
65505
65505
65505
65505
65249
65505
65505
65505
65505
65249
65505
65505
65505
65505
65505
65505
65505
65505
65505
65505
65505
65249
65505
65505
65505
65249
65505
65249
65249
65505
65249
65505
65505
65249
65249
65249
65249
65249
65505
65249
65249
65505
65505
65505
65249
65505
65249
65505
65249
65249
65505
65249
65505
65505
65505
65505
65249
65505
65249
65249
65505
65249
65505
65249
65505
65249
65505
65249
65249
65249
65505
65505
65505
65505
65505
65249
65505
65505
65505
65505
65505
65505
65505
65505
65505
65505
65505
65505
65505
65505
65505
65505
65505
65505
65505
65505
65505
65505
65505
65505
65505
65505
65505
65505
65505
65505
65505
65505
65505
65505
65505
65505
65505
65505
65505
65505
65505
65505
65505
65505
65505
65505
65505
65505
65505
65505
65505
65505
65505
65505
65505
65505
65505
65505
65505
65505
65505
65505
65505
65505
65249
65505
65505
65505
65505
65505
65505
65505
65505
65505
65505
65505
65505
65505
65505
65505
65505
65505
65505
65505
65505
65505
65505
65505
65505
65505
65505
65505
65505
65249
65505
65505
65505
65505
65505
65505
65505
65505
65505
65505
65505
65505
65505
65505
65505
65505
65505
65505
65505
65505
65505
65505
65505
65505
65505
65505
65505
65505
65505
65249
65249
65249
65249
65249
65249
65249
65249
65249
65249
65249
65249
65249
65248
65248
65248
65248
65248
65248
65504
65504
65504
65504
65505
65505
65504
65248
65248
65247
65247
65246
65246
65245
65244
65244
65244
65243
65243
65243
65243
65243
65243
65243
65499
65499
65499
65499
65499
65499
65243
65497
65240
65495
65238
65238
65237
65493
65493
65493
65493
65492
65492
65488
65231
65486
65486
65486
65227
65224
65217
65215
65212
65466
65466
65466
65466
65466
65466
186
65466
186
186
186
186
186
186
65466
65466
65466
65466
187
187
191
447
191
191
191
191
449
194
196
197
454
455
457
460
464
468
472
478
484
491
499
250
1
262
9
12
15
16
16
16
65296
65296
65296
16
16
16
16
16
65296
15
15
14
13
65293
65293
65293
65293
65293
65293
65293
65293
14
271
17
278
281
286
549
557
565
577
588
857
1128
1428
1458
1748
1788
1576
1623
2442
2238
2545
2855
2651
2701
3005
3052
3096
2882
3177
2958
2739
3032
3069
3361
2881
2656
3197
3226
2745
3289
3064
2582
2865
3146
2914
2937
3214
3234
3255
3021
3043
2812
2835
2860
2885
3168
3194
3221
3248
3529
3553
3830
3337
3356
3372
3385
3396
3151
3158
3164
3167
2400
1885
2132
2123
1861
2371
3141
3407
3171
3192
3213
3235
3260
3284
3308
3075
3097
3135
3406
3421
3435
3703
3711
3716
3717
2949
2691
2686
2425
2420
2415
2156
2155
2155
2923
2668
2669
2669
2925
2926
2927
2929
2932
2937
2943
2694
2957
2961
3220
2967
2968
2711
2454
2453
2450
2448
2448
2448
2448
2704
2960
2961
3219
3220
3222
3224
3483
3488
3495
3770
3785
3803
4079
3590
3869
3637
3917
4220
4242
4263
4282
4300
4062
4077
4090
3847
3856
3863
3870
3873
3875
3875
3875
4131
4131
4134
4400
4411
4169
4186
4462
4485
4000
4285
4571
4604
4381
4414
4446
4735
4766
5051
4823
4848
4868
4632
4647
4403
4669
4164
4679
4423
3655
3141
3137
3132
2872
2611
2860
2593
1817
2319
3072
3312
2495
2476
2202
2184
1654
1637
1875
1857
1584
1824
1809
1797
2300
2297
2809
3322
3581
3331
3593
4123
4136
4404
4163
4435
4451
4466
4479
4495
4240
3728
3215
3211
3461
2691
2688
2941
2939
2938
2682
2680
2677
2674
2668
2662
2655
2391
2125
1858
1846
1576
1558
1536
1770
1747
1466
1441
1414
1098
1283
1243
1200
542
1001
379
269
470
162
110
59
8
214
65444
65347
65298
65507
65462
65417
65329
65027
65236
65188
65138
64832
65036
65193
65146
65103
65063
64993
64962
64934
64906
64881
64857
64834
64810
64786
65018
64994
64969
64944
64919
64893
64867
64841
64813
64785
65012
64984
64700
64671
64642
64614
64331
64304
64533
64509
64742
64721
64446
64430
64672
64649
64641
64890
64630
64629
64885
65141
65142
64886
64886
64883
64623
64361
64609
64340
64324
64305
64028
64005
64237
63956
63930
63902
63873
63588
63560
63530
63502
63474
63448
63679
63656
63636
63618
63600
63585
63316
63304
63293
63533
63528
63780
63780
64549
64295
64299
64557
64559
64306
64307
64564
64565
64566
64824
64825
64573
64832
64837
64842
64850
64857
64867
65133
64890
65160
65175
65192
65467
65486
65507
65527
65292
65311
65330
65347
84
100
116
387
402
417
430
187
198
208
218
227
236
244
0
268
26
65323
61
336
357
124
402
679
445
465
482
496
508
259
7
11
13
15
272
16
16
17
17
17
19
276
278
281
285
290
296
560
572
332
349
364
644
654
663
926
675
679
680
681
425
168
167
167
423
423
423
424
682
683
430
435
694
698
703
963
966
715
721
982
986
991
994
995
739
739
739
738
738
739
740
741
742
487
487
487
486
486
486
486
486
486
486
486
229
228
227
227
226
226
226
226
226
226
226
225
65502
65500
65494
65487
65478
65212
65456
65189
65178
65424
65158
65150
65393
65388
65129
65383
65382
65382
65382
65382
102
102
103
103
105
362
107
363
107
363
363
363
363
107
107
107
106
104
65383
65382
65381
65380
100
100
101
101
101
101
101
101
101
101
65381
65381
65380
65122
65120
65118
65373
65369
65365
65104
65100
65095
65345
65340
65336
65334
53
65333
53
65333
65333
65333
65333
65333
65333
65332
65332
65332
65332
65332
52
53
309
311
313
315
319
325
586
591
598
603
606
352
353
97
96
96
96
95
65374
65374
65371
65368
85
83
83
83
81
80
65357
65354
65350
65347
65344
65086
65085
65340
65340
65339
65338
65338
65337
57
65337
57
65337
65337
65336
65333
65330
47
43
65321
65320
65320
40
40
40
40
40
41
297
298
299
301
562
566
570
320
580
582
583
584
584
329
585
586
331
331
331
587
587
587
331
587
587
587
587
587
588
589
590
334
78
77
76
76
76
76
76
75
75
75
75
74
74
331
331
75
74
75
75
74
74
74
65354
65352
70
65348
65348
67
67
65346
65345
65344
64
64
64
64
64
65
65
65
65
65
65
65
65
321
65
65
65
65
65
65
65
65
65
65
65
65
65
65344
65344
63
65343
65342
65340
65338
56
65334
52
65330
65329
65329
65329
65329
49
65329
49
49
49
49
305
49
49
49
65329
65329
65328
65328
65328
48
48
304
48
48
48
48
48
48
65328
65328
65328
65327
65327
65327
65327
47
65327
47
65327
47
65327
65327
65327
65326
65325
65324
65323
65323
65322
65322
65321
65320
65319
65317
65315
65313
65310
65307
65303
65299
65295
65290
65287
65283
65283
65283
65283
3
3
3
3
3
3
3
3
3
3
3
3
4
4
4
4
5
5
5
5
5
5
6
7
13
17
17
17
16
14
13
269
270
272
20
281
287
292
297
301
305
307
308
309
309
53
53
52
52
309
311
312
58
316
317
318
319
319
319
319
63
63
63
63
62
62
65342
62
62
318
321
321
323
325
326
326
327
329
585
585
329
72
70
67
62
65334
65326
65316
65306
65040
65028
65272
65262
65252
65236
65481
65479
199
201
459
462
465
724
469
470
472
218
220
478
478
222
222
222
65502
65504
65508
236
237
237
493
492
230
231
232
231
231
488
488
488
488
489
235
237
238
239
240
241
243
245
249
254
3
8
12
15
15
14
12
9
7
7
6
6
